    0   0.000000000000E+00
    1   0.000000000000E+00
    2  -0.302529821000E+00
    3  -0.194133745000E+00
    4  -0.132320112000E+00
    5  -0.103679098168E+00
    6  -0.894974178706E-01
    7  -0.813546546458E-01
    8  -0.759260333580E-01
    9  -0.718735032334E-01
   10  -0.686185557408E-01
   11  -0.658822995665E-01
   12  -0.635118487201E-01
   13  -0.614129000636E-01
   14  -0.595220542129E-01
   15  -0.577943554766E-01
   16  -0.561969499629E-01
   17  -0.547054208327E-01
   18  -0.533014413025E-01
   19  -0.519711643538E-01
   20  -0.507040713849E-01
   21  -0.494921293352E-01
   22  -0.483291652582E-01
   23  -0.472103986532E-01
   24  -0.461320902932E-01
   25  -0.450912780554E-01
   26  -0.440855782098E-01
   27  -0.431130361866E-01
   28  -0.421720148420E-01
   29  -0.412611111668E-01
   30  -0.403790945536E-01
   31  -0.395248613749E-01
   32  -0.386974018528E-01
   33  -0.378957761550E-01
   34  -0.371190973679E-01
   35  -0.363665195603E-01
   36  -0.356372295794E-01
   37  -0.349304415495E-01
   38  -0.342453933028E-01
   39  -0.335813441655E-01
   40  -0.329375736693E-01
   41  -0.323133808794E-01
   42  -0.317080841084E-01
   43  -0.311210208562E-01
   44  -0.305515478644E-01
   45  -0.299990412068E-01
   46  -0.294628963661E-01
   47  -0.289425282663E-01
   48  -0.284373712434E-01
   49  -0.279468789458E-01
   50  -0.274705241638E-01
   51  -0.270077985935E-01
   52  -0.265582125336E-01
   53  -0.261212945332E-01
   54  -0.256965909870E-01
   55  -0.252836656935E-01
   56  -0.248820993846E-01
   57  -0.244914892225E-01
   58  -0.241114482892E-01
   59  -0.237416050554E-01
   60  -0.233816028465E-01
   61  -0.230310993085E-01
   62  -0.226897658687E-01
   63  -0.223572872098E-01
   64  -0.220333607427E-01
   65  -0.217176960985E-01
   66  -0.214100146231E-01
   67  -0.211100488923E-01
   68  -0.208175422352E-01
   69  -0.205322482775E-01
   70  -0.202539304958E-01
   71  -0.199823617904E-01
   72  -0.197173240746E-01
   73  -0.194586078786E-01
   74  -0.192060119687E-01
   75  -0.189593429833E-01
   76  -0.187184150862E-01
   77  -0.184830496314E-01
   78  -0.182530748436E-01
   79  -0.180283255178E-01
   80  -0.178086427237E-01
   81  -0.175938735306E-01
   82  -0.173838707436E-01
   83  -0.171784926530E-01
   84  -0.169776027910E-01
   85  -0.167810697034E-01
   86  -0.165887667341E-01
   87  -0.164005718173E-01
   88  -0.162163672765E-01
   89  -0.160360396416E-01
   90  -0.158594794661E-01
   91  -0.156865811563E-01
   92  -0.155172428150E-01
   93  -0.153513660777E-01
   94  -0.151888559732E-01
   95  -0.150296207798E-01
   96  -0.148735718927E-01
   97  -0.147206236964E-01
   98  -0.145706934469E-01
   99  -0.144237011483E-01
  100  -0.142795694516E-01
  101  -0.141382235464E-01
  102  -0.139995910573E-01
  103  -0.138636019550E-01
  104  -0.137301884588E-01
  105  -0.135992849552E-01
  106  -0.134708279125E-01
  107  -0.133447557994E-01
  108  -0.132210090142E-01
  109  -0.130995298079E-01
  110  -0.129802622174E-01
  111  -0.128631519969E-01
  112  -0.127481465629E-01
  113  -0.126351949206E-01
  114  -0.125242476161E-01
  115  -0.124152566788E-01
  116  -0.123081755620E-01
  117  -0.122029591058E-01
  118  -0.120995634723E-01
  119  -0.119979461122E-01
  120  -0.118980657121E-01
  121  -0.117998821484E-01
  122  -0.117033564647E-01
  123  -0.116084508070E-01
  124  -0.115151284039E-01
  125  -0.114233535182E-01
  126  -0.113330914260E-01
  127  -0.112443083734E-01
  128  -0.111569715378E-01
  129  -0.110710490131E-01
  130  -0.109865097683E-01
  131  -0.109033236237E-01
  132  -0.108214612194E-01
  133  -0.107408939904E-01
  134  -0.106615941414E-01
  135  -0.105835346250E-01
  136  -0.105066891129E-01
  137  -0.104310319759E-01
  138  -0.103565382619E-01
  139  -0.102831836683E-01
  140  -0.102109445379E-01
  141  -0.101397978195E-01
  142  -0.100697210622E-01
  143  -0.100006923893E-01
  144  -0.993269049070E-02
  145  -0.986569459134E-02
  146  -0.979968444684E-02
  147  -0.973464032233E-02
  148  -0.967054298003E-02
  149  -0.960737366224E-02
  150  -0.954511407462E-02
  151  -0.948374637553E-02
  152  -0.942325316702E-02
  153  -0.936361747089E-02
  154  -0.930482273014E-02
  155  -0.924685277964E-02
  156  -0.918969185168E-02
  157  -0.913332455310E-02
  158  -0.907773586538E-02
  159  -0.902291111772E-02
  160  -0.896883599549E-02
  161  -0.891549650959E-02
  162  -0.886287901370E-02
  163  -0.881097017035E-02
  164  -0.875975695090E-02
  165  -0.870922663392E-02
  166  -0.865936678814E-02
  167  -0.861016526414E-02
  168  -0.856161019299E-02
  169  -0.851368997017E-02
  170  -0.846639326174E-02
  171  -0.841970898109E-02
  172  -0.837362628901E-02
  173  -0.832813459079E-02
  174  -0.828322352900E-02
  175  -0.823888296634E-02
  176  -0.819510299606E-02
  177  -0.815187392048E-02
  178  -0.810918626649E-02
  179  -0.806703074442E-02
  180  -0.802539828960E-02
  181  -0.798428000635E-02
  182  -0.794366720723E-02
  183  -0.790355138918E-02
  184  -0.786392421448E-02
  185  -0.782477753796E-02
  186  -0.778610337276E-02
  187  -0.774789390713E-02
  188  -0.771014148384E-02
  189  -0.767283861290E-02
  190  -0.763597794787E-02
  191  -0.759955230408E-02
  192  -0.756355463776E-02
  193  -0.752797805071E-02
  194  -0.749281577714E-02
  195  -0.745806119925E-02
  196  -0.742370781923E-02
  197  -0.738974927949E-02
  198  -0.735617934592E-02
  199  -0.732299190442E-02
  200  -0.729018096152E-02
  201  -0.725774064891E-02
  202  -0.722566520502E-02
  203  -0.719394898341E-02
  204  -0.716258644328E-02
  205  -0.713157215767E-02
  206  -0.710090080336E-02
  207  -0.707056714741E-02
  208  -0.704056607439E-02
  209  -0.701089254822E-02
  210  -0.698154164077E-02
  211  -0.695250851191E-02
  212  -0.692378841154E-02
  213  -0.689537668138E-02
  214  -0.686726874289E-02
  215  -0.683946010885E-02
  216  -0.681194637782E-02
  217  -0.678472321451E-02
  218  -0.675778638310E-02
  219  -0.673113170896E-02
  220  -0.670475509208E-02
  221  -0.667865253188E-02
  222  -0.665282005046E-02
  223  -0.662725380259E-02
  224  -0.660194996305E-02
  225  -0.657690480151E-02
  226  -0.655211463658E-02
  227  -0.652757586218E-02
  228  -0.650328493933E-02
  229  -0.647923837866E-02
  230  -0.645543275593E-02
  231  -0.643186471690E-02
  232  -0.640853095014E-02
  233  -0.638542820937E-02
  234  -0.636255330863E-02
  235  -0.633990310117E-02
  236  -0.631747450981E-02
  237  -0.629526449890E-02
  238  -0.627327009872E-02
  239  -0.625148837296E-02
  240  -0.622991643576E-02
  241  -0.620855146414E-02
  242  -0.618739067160E-02
  243  -0.616643131394E-02
  244  -0.614567070944E-02
  245  -0.612510619728E-02
  246  -0.610473518001E-02
  247  -0.608455508832E-02
  248  -0.606456340866E-02
  249  -0.604475766615E-02
  250  -0.602513540822E-02
  251  -0.600569424746E-02
  252  -0.598643181027E-02
  253  -0.596734578634E-02
  254  -0.594843388476E-02
  255  -0.592969385321E-02
  256  -0.591112347582E-02
  257  -0.589272058826E-02
  258  -0.587448302947E-02
  259  -0.585640869798E-02
  260  -0.583849551893E-02
  261  -0.582074143856E-02
  262  -0.580314444470E-02
  263  -0.578570256731E-02
  264  -0.576841384327E-02
  265  -0.575127636255E-02
  266  -0.573428822258E-02
  267  -0.571744756068E-02
  268  -0.570075256154E-02
  269  -0.568420139561E-02
  270  -0.566779230021E-02
  271  -0.565152351045E-02
  272  -0.563539331966E-02
  273  -0.561940001424E-02
  274  -0.560354192589E-02
  275  -0.558781740421E-02
  276  -0.557222482904E-02
  277  -0.555676259047E-02
  278  -0.554142912741E-02
  279  -0.552622287293E-02
  280  -0.551114230596E-02
  281  -0.549618591756E-02
  282  -0.548135222907E-02
  283  -0.546663975974E-02
  284  -0.545204708188E-02
  285  -0.543757277058E-02
  286  -0.542321542114E-02
  287  -0.540897365817E-02
  288  -0.539484612093E-02
  289  -0.538083145834E-02
  290  -0.536692836652E-02
  291  -0.535313553083E-02
  292  -0.533945166874E-02
  293  -0.532587550967E-02
  294  -0.531240580932E-02
  295  -0.529904134408E-02
  296  -0.528578088749E-02
  297  -0.527262325629E-02
  298  -0.525956725803E-02
  299  -0.524661173585E-02
  300  -0.523375555122E-02
  301  -0.522099756592E-02
  302  -0.520833665566E-02
  303  -0.519577173478E-02
  304  -0.518330171979E-02
  305  -0.517092552086E-02
  306  -0.515864210987E-02
  307  -0.514645041636E-02
  308  -0.513434943888E-02
  309  -0.512233816200E-02
  310  -0.511041557956E-02
  311  -0.509858069789E-02
  312  -0.508683256846E-02
  313  -0.507517022082E-02
  314  -0.506359269832E-02
  315  -0.505209907984E-02
  316  -0.504068844907E-02
  317  -0.502935988279E-02
  318  -0.501811248882E-02
  319  -0.500694539640E-02
  320  -0.499585771689E-02
  321  -0.498484859954E-02
  322  -0.497391718153E-02
  323  -0.496306263319E-02
  324  -0.495228412695E-02
  325  -0.494158085503E-02
  326  -0.493095199318E-02
  327  -0.492039675386E-02
  328  -0.490991434370E-02
  329  -0.489950399830E-02
  330  -0.488916495548E-02
  331  -0.487889644150E-02
  332  -0.486869773778E-02
  333  -0.485856808459E-02
  334  -0.484850675654E-02
  335  -0.483851305065E-02
  336  -0.482858625726E-02
  337  -0.481872566959E-02
  338  -0.480893058891E-02
  339  -0.479920035094E-02
  340  -0.478953426975E-02
  341  -0.477993168393E-02
  342  -0.477039195520E-02
  343  -0.476091441363E-02
  344  -0.475149841594E-02
  345  -0.474214334278E-02
  346  -0.473284858205E-02
  347  -0.472361349215E-02
  348  -0.471443747729E-02
  349  -0.470531992967E-02
  350  -0.469626026818E-02
  351  -0.468725790388E-02
  352  -0.467831224033E-02
  353  -0.466942272893E-02
  354  -0.466058878880E-02
  355  -0.465180986096E-02
  356  -0.464308541477E-02
  357  -0.463441487940E-02
  358  -0.462579774209E-02
  359  -0.461723343600E-02
  360  -0.460872149258E-02
  361  -0.460026133813E-02
  362  -0.459185248711E-02
  363  -0.458349442221E-02
  364  -0.457518666360E-02
  365  -0.456692868400E-02
  366  -0.455872003164E-02
  367  -0.455056018968E-02
  368  -0.454244871563E-02
  369  -0.453438510655E-02
  370  -0.452636891512E-02
  371  -0.451839968221E-02
  372  -0.451047694897E-02
  373  -0.450260026625E-02
  374  -0.449476919352E-02
  375  -0.448698328775E-02
  376  -0.447924212814E-02
  377  -0.447154525949E-02
  378  -0.446389227838E-02
  379  -0.445628276863E-02
  380  -0.444871630825E-02
  381  -0.444119248729E-02
  382  -0.443371090634E-02
  383  -0.442627118139E-02
  384  -0.441887288782E-02
  385  -0.441151563272E-02
  386  -0.440419907298E-02
  387  -0.439692279288E-02
  388  -0.438968643017E-02
  389  -0.438248960066E-02
  390  -0.437533193947E-02
  391  -0.436821309454E-02
  392  -0.436113268092E-02
  393  -0.435409036368E-02
  394  -0.434708579225E-02
  395  -0.434011860739E-02
  396  -0.433318847388E-02
  397  -0.432629503104E-02
  398  -0.431943798735E-02
  399  -0.431261696226E-02
  400  -0.430583165957E-02
  401  -0.429908172547E-02
  402  -0.429236686591E-02
  403  -0.428568674783E-02
  404  -0.427904107471E-02
  405  -0.427242950191E-02
  406  -0.426585175383E-02
  407  -0.425930750883E-02
  408  -0.425279648833E-02
  409  -0.424631836325E-02
  410  -0.423987286787E-02
  411  -0.423345969370E-02
  412  -0.422707854502E-02
  413  -0.422072917771E-02
  414  -0.421441126591E-02
  415  -0.420812456727E-02
  416  -0.420186879521E-02
  417  -0.419564363269E-02
  418  -0.418944888633E-02
  419  -0.418328424293E-02
  420  -0.417714943860E-02
  421  -0.417104422190E-02
  422  -0.416496836426E-02
  423  -0.415892156525E-02
  424  -0.415290360086E-02
  425  -0.414691419707E-02
  426  -0.414095312994E-02
  427  -0.413502014210E-02
  428  -0.412911501560E-02
  429  -0.412323746805E-02
  430  -0.411738730227E-02
  431  -0.411156426420E-02
  432  -0.410576812917E-02
  433  -0.409999866765E-02
  434  -0.409425566387E-02
  435  -0.408853886133E-02
  436  -0.408284808207E-02
  437  -0.407718308612E-02
  438  -0.407154363743E-02
  439  -0.406592954764E-02
  440  -0.406034058906E-02
  441  -0.405477656590E-02
  442  -0.404923725288E-02
  443  -0.404372245653E-02
  444  -0.403823196710E-02
  445  -0.403276558640E-02
  446  -0.402732312969E-02
  447  -0.402190436832E-02
  448  -0.401650911895E-02
  449  -0.401113719525E-02
  450  -0.400578840955E-02
  451  -0.400046255658E-02
  452  -0.399515945928E-02
  453  -0.398987891418E-02
  454  -0.398462078623E-02
  455  -0.397938485100E-02
  456  -0.397417091756E-02
  457  -0.396897884260E-02
  458  -0.396380841686E-02
  459  -0.395865950533E-02
  460  -0.395353191962E-02
  461  -0.394842548457E-02
  462  -0.394334001990E-02
  463  -0.393827537621E-02
  464  -0.393323138044E-02
  465  -0.392820783696E-02
  466  -0.392320463815E-02
  467  -0.391822161565E-02
  468  -0.391325858265E-02
  469  -0.390831538165E-02
  470  -0.390339189029E-02
  471  -0.389848792872E-02
  472  -0.389360333103E-02
  473  -0.388873795679E-02
  474  -0.388389168375E-02
  475  -0.387906433691E-02
  476  -0.387425576371E-02
  477  -0.386946583896E-02
  478  -0.386469439372E-02
  479  -0.385994132638E-02
  480  -0.385520645277E-02
  481  -0.385048963935E-02
  482  -0.384579078492E-02
  483  -0.384110971046E-02
  484  -0.383644628513E-02
  485  -0.383180039308E-02
  486  -0.382717190358E-02
  487  -0.382256067010E-02
  488  -0.381796656818E-02
  489  -0.381338948027E-02
  490  -0.380882923654E-02
  491  -0.380428576421E-02
  492  -0.379975891543E-02
  493  -0.379524853404E-02
  494  -0.379075455858E-02
  495  -0.378627680912E-02
  496  -0.378181521341E-02
  497  -0.377736961275E-02
  498  -0.377293991596E-02
  499  -0.376852600546E-02
  500  -0.376412772378E-02
  501  -0.375974500481E-02
  502  -0.375537773288E-02
  503  -0.375102576384E-02
  504  -0.374668900470E-02
  505  -0.374236734010E-02
  506  -0.373806067103E-02
  507  -0.373376888894E-02
  508  -0.372949186004E-02
  509  -0.372522951632E-02
  510  -0.372098171513E-02
  511  -0.371674835363E-02
  512  -0.371252937056E-02
  513  -0.370832462883E-02
  514  -0.370413403203E-02
  515  -0.369995747744E-02
  516  -0.369579488069E-02
  517  -0.369164609730E-02
  518  -0.368751113853E-02
  519  -0.368338975794E-02
  520  -0.367928198006E-02
  521  -0.367518766779E-02
  522  -0.367110672617E-02
  523  -0.366703901942E-02
  524  -0.366298451096E-02
  525  -0.365894310748E-02
  526  -0.365491470461E-02
  527  -0.365089920364E-02
  528  -0.364689653739E-02
  529  -0.364290658870E-02
  530  -0.363892929677E-02
  531  -0.363496457186E-02
  532  -0.363101230839E-02
  533  -0.362707243116E-02
  534  -0.362314485627E-02
  535  -0.361922953296E-02
  536  -0.361532632133E-02
  537  -0.361143517507E-02
  538  -0.360755598614E-02
  539  -0.360368871460E-02
  540  -0.359983325650E-02
  541  -0.359598953112E-02
  542  -0.359215744504E-02
  543  -0.358833696424E-02
  544  -0.358452794568E-02
  545  -0.358073038963E-02
  546  -0.357694419015E-02
  547  -0.357316926174E-02
  548  -0.356940551473E-02
  549  -0.356565291618E-02
  550  -0.356191138463E-02
  551  -0.355818081002E-02
  552  -0.355446117698E-02
  553  -0.355075235769E-02
  554  -0.354705430617E-02
  555  -0.354336696598E-02
  556  -0.353969025737E-02
  557  -0.353602413004E-02
  558  -0.353236845903E-02
  559  -0.352872328546E-02
  560  -0.352508841642E-02
  561  -0.352146384115E-02
  562  -0.351784954498E-02
  563  -0.351424538000E-02
  564  -0.351065132527E-02
  565  -0.350706730038E-02
  566  -0.350349328799E-02
  567  -0.349992912055E-02
  568  -0.349637484570E-02
  569  -0.349283033564E-02
  570  -0.348929556548E-02
  571  -0.348577047170E-02
  572  -0.348225497128E-02
  573  -0.347874900805E-02
  574  -0.347525255431E-02
  575  -0.347176554015E-02
  576  -0.346828788767E-02
  577  -0.346481953267E-02
  578  -0.346136043186E-02
  579  -0.345791057065E-02
  580  -0.345446982291E-02
  581  -0.345103814361E-02
  582  -0.344761556436E-02
  583  -0.344420191713E-02
  584  -0.344079721313E-02
  585  -0.343740137151E-02
  586  -0.343401434064E-02
  587  -0.343063607055E-02
  588  -0.342726656550E-02
  589  -0.342390568172E-02
  590  -0.342055341171E-02
  591  -0.341720970751E-02
  592  -0.341387452177E-02
  593  -0.341054779172E-02
  594  -0.340722946794E-02
  595  -0.340391947010E-02
  596  -0.340061782327E-02
  597  -0.339732443747E-02
  598  -0.339403925926E-02
  599  -0.339076225577E-02
  600  -0.338749338916E-02
  601  -0.338423257393E-02
  602  -0.338097976567E-02
  603  -0.337773495567E-02
  604  -0.337449809859E-02
  605  -0.337126908939E-02
  606  -0.336804795945E-02
  607  -0.336483463948E-02
  608  -0.336162904493E-02
  609  -0.335843116411E-02
  610  -0.335524096439E-02
  611  -0.335205840082E-02
  612  -0.334888340211E-02
  613  -0.334571590846E-02
  614  -0.334255598060E-02
  615  -0.333940347176E-02
  616  -0.333625840981E-02
  617  -0.333312069660E-02
  618  -0.332999030701E-02
  619  -0.332686721208E-02
  620  -0.332375137954E-02
  621  -0.332064273004E-02
  622  -0.331754129437E-02
  623  -0.331444697217E-02
  624  -0.331135974924E-02
  625  -0.330827960036E-02
  626  -0.330520644521E-02
  627  -0.330214023504E-02
  628  -0.329908107838E-02
  629  -0.329602871681E-02
  630  -0.329298326793E-02
  631  -0.328994462286E-02
  632  -0.328691284448E-02
  633  -0.328388773909E-02
  634  -0.328086942467E-02
  635  -0.327785773074E-02
  636  -0.327485271865E-02
  637  -0.327185439180E-02
  638  -0.326886257122E-02
  639  -0.326587728514E-02
  640  -0.326289853021E-02
  641  -0.325992622743E-02
  642  -0.325696044528E-02
  643  -0.325400103425E-02
  644  -0.325104798088E-02
  645  -0.324810132046E-02
  646  -0.324516094536E-02
  647  -0.324222686692E-02
  648  -0.323929901266E-02
  649  -0.323637737786E-02
  650  -0.323346192159E-02
  651  -0.323055264421E-02
  652  -0.322764947289E-02
  653  -0.322475238574E-02
  654  -0.322186138491E-02
  655  -0.321897641466E-02
  656  -0.321609741835E-02
  657  -0.321322438066E-02
  658  -0.321035733298E-02
  659  -0.320749614678E-02
  660  -0.320464085355E-02
  661  -0.320179142198E-02
  662  -0.319894785115E-02
  663  -0.319611001652E-02
  664  -0.319327797160E-02
  665  -0.319045162984E-02
  666  -0.318763102375E-02
  667  -0.318481607459E-02
  668  -0.318200683543E-02
  669  -0.317920316354E-02
  670  -0.317640511356E-02
  671  -0.317361264924E-02
  672  -0.317082570683E-02
  673  -0.316804432538E-02
  674  -0.316526838748E-02
  675  -0.316249794292E-02
  676  -0.315973289227E-02
  677  -0.315697328836E-02
  678  -0.315421903497E-02
  679  -0.315147018046E-02
  680  -0.314872667156E-02
  681  -0.314598846213E-02
  682  -0.314325551875E-02
  683  -0.314052787799E-02
  684  -0.313780543319E-02
  685  -0.313508818136E-02
  686  -0.313237619009E-02
  687  -0.312966930480E-02
  688  -0.312696760602E-02
  689  -0.312427095320E-02
  690  -0.312157944964E-02
  691  -0.311889297809E-02
  692  -0.311621158809E-02
  693  -0.311353519534E-02
  694  -0.311086380816E-02
  695  -0.310819739526E-02
  696  -0.310553593281E-02
